DATASET_BINARY									
									
									
SEPARATOR TAB									
DATASET_LABEL	phyleticPattern								
COLOR	#ff0000								
FIELD_SHAPES	2	2	2	2	2	2	2	2	2
FIELD_LABELS	clust0	clust3	clust4	clust5	clust8	clust1	clust2	clust6	clust7
FIELD_COLORS	#a400e6	#ff006f	#d41200	#ff7300	#ffea00	#93ff2e	#00d61d	#3bb4ff	#0026ff
									
DATA

ShGe.1120.00001	1	-1	1	-1	1	-1	-1	-1	-1
ShGe.1120.00002	1	1	1	1	1	-1	-1	-1	-1
ShGe.1120.00003	1	-1	1	-1	1	-1	-1	-1	-1
ShGe.1120.00004	1	1	-1	1	1	-1	-1	-1	-1
ShGe.1120.00005	1	1	1	-1	1	-1	-1	-1	-1
ShGe.1120.00006	1	1	1	1	1	-1	-1	-1	-1
ShGe.1120.00008	1	1	1	1	1	-1	-1	-1	-1
ShGe.1120.00009	-1	1	1	1	-1	-1	-1	-1	-1
ShGe.1120.00010	-1	1	1	-1	1	-1	-1	-1	-1
ShGe.1120.00011	-1	1	1	1	-1	-1	-1	-1	-1
ShGe.1120.00012	-1	1	1	1	1	-1	-1	-1	-1
ShGe.1120.00013	-1	1	-1	-1	-1	-1	-1	-1	-1
ShGe.1120.00014	-1	1	1	-1	-1	-1	-1	-1	-1
ShGe.1120.00015	1	1	1	1	1	-1	-1	-1	-1
ShGe.1120.00016	1	1	1	1	1	-1	-1	-1	-1
ShGe.1120.00017	1	1	1	1	-1	-1	-1	-1	-1
ShGe.1120.00018	-1	1	1	1	1	-1	-1	-1	-1
ShGe.1120.00020	1	1	-1	1	1	1	1	1	1
ShGe.1120.00021	1	1	1	1	1	1	1	1	1
ShGe.1120.00022	-1	-1	-1	-1	1	-1	-1	-1	-1
ShGe.1120.00023	1	1	1	1	1	1	1	1	1
ShGe.1120.00024	1	1	1	1	1	1	1	-1	1
ShGe.1120.00025	1	1	1	1	1	-1	-1	-1	-1
ShGe.1120.00026	1	1	1	1	-1	-1	-1	-1	-1
ShGe.1120.00027	-1	1	1	1	1	1	-1	-1	-1
ShGe.1120.00028	1	1	1	1	1	1	1	1	1
ShGe.1120.00029	1	1	1	1	1	1	1	1	1
ShGe.1120.00030	1	1	1	1	1	-1	-1	-1	-1
ShGe.1120.00031	-1	1	1	1	-1	1	-1	-1	-1
ShGe.1120.00032	-1	1	1	1	1	1	1	1	1
ShGe.1120.00033	1	-1	1	1	1	1	-1	-1	-1
ShGe.1120.00034	1	1	1	1	1	1	-1	-1	1
ShGe.1120.00035	1	1	-1	1	1	1	1	1	1
ShGe.1120.00036	-1	1	-1	1	1	1	-1	-1	-1
ShGe.1120.00037	1	1	-1	1	-1	-1	-1	-1	-1
ShGe.1120.00038	1	1	-1	1	1	-1	1	1	1
ShGe.1120.00039	1	1	-1	1	1	1	1	1	-1
ShGe.1120.00040	1	1	-1	1	1	1	1	1	1
ShGe.1120.00041	-1	-1	1	1	-1	-1	1	1	1
ShGe.1120.00042	1	1	1	-1	1	1	1	1	1
ShGe.1120.00043	-1	1	1	1	1	1	1	1	-1
ShGe.1120.00044	1	1	1	1	1	1	-1	1	-1
ShGe.1120.00045	-1	1	1	1	-1	1	1	-1	1
ShGe.1120.00046	-1	1	1	1	1	1	-1	-1	-1
ShGe.1120.00047	1	-1	1	-1	-1	-1	1	1	1
ShGe.1120.00048	-1	1	1	1	1	1	-1	-1	-1
ShGe.1120.00049	-1	1	1	1	1	1	1	-1	1
ShGe.1120.00050	-1	1	-1	-1	-1	-1	-1	-1	-1
ShGe.1120.00051	1	1	1	1	1	1	-1	-1	1
ShGe.1120.00052	1	1	1	1	1	1	1	1	1
ShGe.1120.00053	1	1	1	1	1	1	1	1	1
ShGe.1120.00054	-1	1	1	1	-1	-1	1	1	-1
ShGe.1120.00055	-1	1	1	1	1	1	1	1	1
ShGe.1120.00056	-1	1	1	1	-1	1	1	1	-1
ShGe.1120.00057	-1	1	1	1	1	-1	-1	-1	-1
ShGe.1120.00058	1	1	1	1	1	-1	-1	-1	-1
ShGe.1120.00059	1	1	1	1	1	1	1	1	1
ShGe.1120.00060	1	1	1	1	1	1	1	1	1
ShGe.1120.00061	1	1	1	1	1	1	-1	-1	1
ShGe.1120.00062	1	1	1	1	-1	-1	-1	-1	-1
ShGe.1120.00063	1	1	1	1	1	-1	-1	-1	-1
ShGe.1120.00064	-1	1	1	1	1	-1	-1	-1	-1
ShGe.1120.00065	-1	1	1	1	1	1	-1	-1	-1
ShGe.1120.00066	1	1	1	1	1	-1	-1	-1	-1
ShGe.1120.00067	-1	1	1	-1	1	-1	-1	-1	-1
ShGe.1120.00068	1	-1	1	-1	-1	-1	-1	-1	-1
ShGe.1120.00069	-1	1	1	1	1	-1	-1	-1	-1
ShGe.1120.00070	-1	-1	-1	1	1	-1	-1	-1	-1
ShGe.1120.00071	-1	1	1	-1	1	-1	-1	-1	-1
ShGe.1120.00072	1	-1	1	1	1	-1	-1	-1	-1
ShGe.1120.00073	1	-1	1	1	1	-1	-1	-1	-1
ShGe.1120.00074	-1	1	1	1	-1	-1	-1	-1	-1
ShGe.1120.00075	-1	1	1	1	1	-1	-1	-1	-1
ShGe.1120.00076	1	1	1	1	1	-1	-1	-1	-1
ShGe.1120.00077	-1	1	1	1	1	1	1	1	1
ShGe.1120.00078	1	1	-1	1	1	1	1	1	1
ShGe.1120.00079	1	1	1	1	1	1	-1	-1	1
ShGe.1120.00080	1	1	1	1	1	-1	-1	-1	-1
ShGe.1120.00081	1	1	1	1	1	1	1	1	1
ShGe.1120.00082	1	1	1	1	-1	-1	-1	-1	-1
ShGe.1120.00083	1	1	1	1	1	1	-1	-1	1
ShGe.1120.00084	1	1	1	1	1	1	1	1	1
ShGe.1120.00085	1	1	1	1	1	1	1	1	1
ShGe.1120.00086	-1	1	1	1	1	-1	1	1	1
ShGe.1120.00087	-1	-1	-1	1	1	1	1	1	1
ShGe.1120.00088	1	1	1	1	1	-1	1	1	1
ShGe.1120.00089	1	1	1	1	1	-1	-1	-1	-1
ShGe.1120.00091	1	1	1	1	1	-1	-1	-1	-1
ShGe.1120.00092	1	1	1	1	1	1	1	1	1
ShGe.1120.00093	-1	1	1	1	1	1	1	-1	1
ShGe.1120.00094	1	1	1	1	1	1	-1	-1	1
ShGe.1120.00095	1	1	1	1	1	1	1	1	1
ShGe.1120.00096	1	-1	1	1	1	-1	-1	-1	-1
ShGe.1120.00097	1	1	1	1	1	1	1	1	1
ShGe.1120.00098	-1	1	1	1	1	-1	-1	-1	-1
ShGe.1120.00099	-1	1	-1	1	1	-1	-1	-1	-1
ShGe.1120.00100	1	-1	1	1	1	-1	-1	-1	-1
ShGe.1120.00101	1	1	1	1	1	1	1	1	1
ShGe.1120.00102	-1	1	-1	-1	1	1	-1	1	1
ShGe.1120.00103	-1	-1	1	1	-1	1	-1	-1	-1
ShGe.1120.00104	1	1	1	1	1	1	1	1	1
ShGe.1120.00105	1	1	1	1	-1	1	-1	1	1
ShGe.1120.00106	1	1	1	1	1	1	1	1	1
ShGe.1120.00107	1	-1	-1	1	1	-1	-1	-1	-1
ShGe.1120.00108	1	1	-1	1	1	1	1	1	1
ShGe.1120.00109	1	1	1	1	1	1	1	-1	1
ShGe.1120.00110	1	1	1	1	1	1	1	1	1
ShGe.1120.00111	1	1	1	1	1	-1	-1	-1	-1
ShGe.1120.00112	1	-1	1	1	1	1	1	1	1
ShGe.1120.00113	1	1	1	1	1	1	1	1	1
ShGe.1120.00114	1	1	1	1	1	-1	-1	-1	-1
ShGe.1120.00115	1	1	1	1	-1	1	1	1	1
ShGe.1120.00116	1	1	1	1	-1	1	1	1	1
ShGe.1120.00117	1	1	1	1	1	-1	-1	-1	-1
ShGe.1120.00118	1	1	1	1	1	-1	-1	-1	-1
ShGe.1120.00119	1	1	1	1	1	1	1	1	1
ShGe.1120.00120	1	1	-1	1	1	1	1	1	1
ShGe.1120.00121	-1	1	1	1	1	-1	-1	-1	-1
ShGe.1120.00122	1	1	1	1	1	1	1	1	1
ShGe.1120.00123	1	1	1	1	1	1	1	1	1
ShGe.1120.00124	1	1	1	1	1	-1	-1	-1	-1
ShGe.1120.00125	1	1	1	1	1	1	1	1	1
ShGe.1120.00126	1	1	1	1	1	1	1	1	1
ShGe.1120.00127	1	1	1	1	1	1	-1	1	1
ShGe.1120.00128	1	1	1	1	1	1	1	1	1
ShGe.1120.00129	1	1	-1	1	1	-1	-1	-1	-1
ShGe.1120.00130	1	1	1	1	1	1	1	1	1
